83 0
323 0
89 0
99 0
109 0
82 0
83 0
73 0
90 0
60 0
61 0
79 0
81 0
81 0
101 0
77 0
82 0
81 0
99 0
81 0
100 0
92 0
587 0
70 0
85 0
84 0
92 0
95 0
89 0
69 0
91 0
85 0
91 0
66 0
83 0
105 0
49 0
78 0
87 0
78 0
79 0
92 0
96 0
81 0
67 0
69 0
102 0
78 0
84 0
102 0
87 0
92 0
84 0
72 0
93 0
80 0
58 0
78 0
64 0
69 0
100 0
89 0
84 0
74 0
90 0
91 0
114 0
98 0
368 0
89 0
27 0
81 0
89 0
103 0
101 0
93 0
75 0
117 0
95 0
147 0
84 0
102 0
67 0
71 0
89 0
79 0
94 0
84 0
100 0
88 0
101 0
78 0
91 0
88 0
68 0
86 0
90 0
93 0
74 0
88 0
95 0
91 0
79 0
98 0
70 0
124 0
91 0
73 0
91 0
112 0
81 0
71 0
80 0
79 0
80 0
84 0
88 0
99 0
96 0
72 0
84 0
135 0
84 0
75 0
79 0
85 0
84 0
87 0
102 0
86 0
73 0
92 0
86 0
108 0
104 0
86 0
77 0
72 0
87 0
74 0
78 0
92 0
87 0
80 0
82 0
70 0
95 0
83 0
86 0
84 0
82 0
73 0
83 0
108 0
99 0
78 0
445 0
140 0
93 0
96 0
84 0
83 0
37 0
82 0
95 0
80 0
132 0
100 0
84 0
81 0
89 0
91 0
121 0
92 0
91 0
98 0
84 0
68 0
92 0
86 0
96 0
72 0
72 0
72 0
87 0
58 0
90 0
75 0
83 0
85 0
84 0
75 0
93 0
82 0
101 0
84 0
111 0
80 0
127 0
87 0
80 0
83 0
92 0
99 0
86 0
80 0
86 0
85 0
96 0
69 0
90 0
56 0
91 0
80 0
83 0
91 0
79 0
93 0
81 0
79 0
82 0
73 0
83 0
126 0
88 0
84 0
90 0
91 0
96 0
81 0
98 0
88 0
89 0
82 0
103 0
93 0
89 0
87 0
91 0
84 0
71 0
86 0
89 0
93 0
90 0
85 0
90 0
78 0
90 0
81 0
118 0
94 0
84 0
84 0
99 0
104 0
80 0
74 0
87 0
89 0
82 0
82 0
70 0
85 0
90 0
86 0
89 0
75 0
82 0
78 0
158 0
82 0
97 0
86 0
81 0
82 0
91 0
74 0
66 0
63 0
72 0
82 0
75 0
100 0
91 0
103 0
80 0
67 0
91 0
73 0
117 0
84 0
83 0
81 0
88 0
77 0
88 0
95 0
83 0
88 0
96 0
70 0
90 0
98 0
88 0
98 0
84 0
107 0
81 0
92 0
70 0
91 0
88 0
84 0
72 0
102 0
94 0
71 0
86 0
120 0
75 0
167 0
75 0
124 0
74 0
82 0
82 0
81 0
84 0
107 0
85 0
98 0
87 0
83 0
88 0
79 0
91 0
82 0
92 0
89 0
85 0
91 0
81 0
87 0
70 0
102 0
65 0
88 0
95 0
981 0
94 0
123 0
85 0
80 0
96 0
98 0
75 0
115 0
81 0
86 0
82 0
87 0
87 0
75 0
90 0
74 0
75 0
63 0
75 0
85 0
93 0
92 0
89 0
92 0
90 0
86 0
187 0
90 0
129 0
85 0
83 0
88 0
120 0
161 0
86 0
89 0
91 0
78 0
89 0
89 0
995 0
88 0
89 0
90 0
58 0
90 0
80 0
73 0
145 0
59 0
86 0
89 0
86 0
78 0
123 0
71 0
71 0
87 0
88 0
86 0
91 0
76 0
83 0
101 0
80 0
87 0
102 0
85 0
122 0
448 0
194 0
90 0
82 0
85 0
86 0
90 0
85 0
89 0
98 0
123 0
85 0
87 0
79 0
79 0
75 0
155 0
100 0
79 0
90 0
91 0
85 0
157 0
83 0
100 0
100 0
95 0
102 0
85 0
78 0
70 0
94 0
96 0
91 0
84 0
90 0
87 0
64 0
85 0
103 0
87 0
60 0
94 0
75 0
55 0
90 0
88 0
84 0
63 0
69 0
90 0
88 0
95 0
84 0
83 0
95 0
102 0
101 0
80 0
89 0
90 0
77 0
75 0
92 0
88 0
97 0
89 0
90 0
101 0
78 0
79 0
85 0
69 0
93 0
72 0
86 0
80 0
86 0
85 0
99 0
69 0
70 0
85 0
86 0
61 0
69 0
95 0
79 0
78 0
74 0
81 0
94 0
74 0
85 0
130 0
87 0
103 0
66 0
98 0
96 0
83 0
84 0
96 0
61 0
83 0
76 0
59 0
762 0
85 0
86 0
87 0
87 0
87 0
73 0
89 0
56 0
105 0
89 0
83 0
120 0
88 0
169 0
86 0
38 0
88 0
85 0
100 0
81 0
87 0
77 0
112 0
77 0
70 0
126 0
156 0
93 0
73 0
81 0
88 0
80 0
83 0
85 0
83 0
87 0
84 0
95 0
81 0
77 0
104 0
83 0
83 0
79 0
84 0
79 0
84 0
78 0
56 0
90 0
75 0
103 0
98 0
100 0
88 0
98 0
91 0
90 0
446 0
68 0
63 0
84 0
71 0
91 0
82 0
73 0
86 0
78 0
83 0
86 0
88 0
87 0
83 0
79 0
84 0
86 0
85 0
87 0
70 0
81 0
83 0
63 0
96 0
92 0
70 0
138 0
39 0
78 0
87 0
128 0
96 0
86 0
97 0
84 0
85 0
71 0
85 0
73 0
85 0
89 0
119 0
84 0
84 0
88 0
82 0
81 0
67 0
83 0
86 0
95 0
84 0
84 0
88 0
77 0
89 0
73 0
82 0
83 0
80 0
94 0
70 0
69 0
92 0
86 0
96 0
33 0
85 0
75 0
76 0
77 0
86 0
112 0
90 0
86 0
81 0
91 0
92 0
141 0
86 0
116 0
87 0
84 0
59 0
71 0
80 0
88 0
91 0
67 0
64 0
80 0
84 0
78 0
251 0
90 0
42 0
88 0
76 0
85 0
88 0
66 0
79 0
100 0
85 0
87 0
85 0
97 0
75 0
100 0
103 0
85 0
85 0
94 0
93 0
75 0
85 0
119 0
88 0
86 0
85 0
77 0
71 0
85 0
47 0
87 0
331 0
77 0
84 0
52 0
217 0
84 0
84 0
88 0
86 0
80 0
98 0
89 0
94 0
73 0
80 0
85 0
89 0
75 0
79 0
71 0
86 0
77 0
84 0
74 0
85 0
87 0
91 0
83 0
155 0
76 0
97 0
90 0
78 0
90 0
85 0
89 0
85 0
86 0
95 0
80 0
100 0
87 0
93 0
88 0
83 0
245 0
78 0
89 0
83 0
110 0
68 0
88 0
104 0
92 0
82 0
85 0
95 0
79 0
89 0
83 0
90 0
61 0
86 0
92 0
68 0
80 0
83 0
104 0
72 0
73 0
257 0
74 0
59 0
81 0
102 0
98 0
98 0
79 0
75 0
86 0
84 0
72 0
86 0
67 0
60 0
79 0
77 0
83 0
77 0
84 0
102 0
85 0
71 0
83 0
92 0
84 0
92 0
98 0
84 0
63 0
84 0
61 0
93 0
113 0
85 0
82 0
78 0
81 0
72 0
96 0
188 0
106 0
80 0
79 0
86 0
120 0
713 0
84 0
100 0
82 0
80 0
89 0
85 0
82 0
83 0
93 0
78 0
85 0
93 0
92 0
91 0
87 0
95 0
88 0
84 0
82 0
87 0
86 0
79 0
80 0
87 0
96 0
510 0
388 0
23 0
92 0
78 0
99 0
85 0
86 0
100 0
524 0
84 0
104 0
103 0
85 0
84 0
97 0
77 0
94 0
79 0
281 0
72 0
83 0
89 0
92 0
223 0
97 0
65 0
86 0
103 0
88 0
80 0
93 0
88 0
79 0
85 0
84 0
97 0
98 0
79 0
89 0
87 0
80 0
91 0
89 0
84 0
88 0
112 0
91 0
90 0
178 0
95 0
90 0
85 0
93 0
103 0
66 0
88 0
76 0
83 0
60 0
91 0
188 0
68 0
81 0
63 0
107 0
85 0
90 0
103 0
81 0
94 0
84 0
85 0
115 0
76 0
86 0
82 0
73 0
79 0
165 0
88 0
95 0
93 0
82 0
83 0
81 0
87 0
84 0
58 0
92 0
88 0
78 0
96 0
287 0
107 0
80 0
82 0
85 0
78 0
706 0
101 0
77 0
83 0
205 0
90 0
101 0
106 0
69 0
87 0
93 0
62 0
104 0
80 0
97 0
85 0
287 0
103 0
85 0
98 0
97 0
97 0
82 0
82 0
226 0
89 0
73 0
53 0
71 0
80 0
86 0
139 0
98 0
94 0
85 0
86 0
88 0
83 0
508 0
111 0
95 0
93 0
74 0
79 0
82 0
75 0
80 0
91 0
72 0
84 0
89 0
91 0
126 0
94 0
46 0
91 0
97 0
76 0
87 0
73 0
98 0
87 0
85 0
93 0
90 0
93 0
75 0
81 0
68 0
83 0
78 0
79 0
87 0
84 0
85 0
119 0
79 0
87 0
115 0
86 0
86 0
53 0
234 0
117 0
94 0
94 0
79 0
87 0
93 0
68 0
76 0
94 0
90 0
93 0
53 0
64 0
90 0
88 0
88 0
80 0
95 0
79 0
88 0
106 0
101 0
103 0
89 0
89 0
87 0
86 0
82 0
81 0
99 0
88 0
90 0
96 0
101 0
85 0
91 0
102 0
98 0
95 0
90 0
71 0
52 0
86 0
97 0
87 0
83 0
80 0
84 0
96 0
70 0
87 0
123 0
79 0
90 0
139 0
69 0
85 0
88 0
102 0
87 0
93 0
119 0
96 0
90 0
101 0
89 0
149 0
83 0
84 0
91 0
654 0
83 0
137 0
88 0
56 0
84 0
128 0
84 0
97 0
88 0
91 0
81 0
74 0
87 0
94 0
98 0
87 0
88 0
67 0
90 0
89 0
104 0
86 0
89 0
82 0
72 0
78 0
86 0
86 0
75 0
80 0
59 0
95 0
91 0
84 0
