61 0
72 0
71 0
70 0
45 0
69 0
83 0
76 0
70 0
69 0
425 0
76 0
906 0
87 0
85 0
75 0
56 0
60 0
74 0
82 0
79 0
68 0
92 0
91 0
157 0
102 0
67 0
75 0
63 0
34 0
80 0
61 0
59 0
77 0
72 0
61 0
61 0
65 0
68 0
52 0
65 0
115 0
67 0
69 0
84 0
72 0
41 0
68 0
77 0
75 0
61 0
53 0
80 0
48 0
57 0
64 0
93 0
72 0
80 0
52 0
90 0
56 0
67 0
73 0
71 0
74 0
95 0
56 0
81 0
67 0
74 0
66 0
58 0
48 0
81 0
73 0
83 0
61 0
108 0
66 0
73 0
68 0
83 0
75 0
72 0
85 0
49 0
67 0
59 0
69 0
80 0
63 0
79 0
278 0
72 0
53 0
66 0
64 0
72 0
71 0
73 0
64 0
62 0
63 0
57 0
63 0
80 0
60 0
64 0
63 0
56 0
83 0
66 0
113 0
58 0
62 0
74 0
63 0
84 0
66 0
52 0
61 0
40 0
55 0
987 0
61 0
74 0
59 0
46 0
89 0
65 0
49 0
92 0
74 0
57 0
58 0
67 0
71 0
79 0
67 0
76 0
78 0
59 0
68 0
65 0
85 0
14 0
95 0
30 0
71 0
91 0
69 0
74 0
75 0
68 0
55 0
82 0
75 0
70 0
79 0
71 0
71 0
63 0
461 0
72 0
71 0
64 0
63 0
71 0
53 0
85 0
67 0
47 0
56 0
53 0
83 0
82 0
62 0
66 0
86 0
77 0
89 0
68 0
56 0
63 0
81 0
65 0
62 0
125 0
75 0
82 0
54 0
77 0
85 0
66 0
82 0
59 0
78 0
76 0
77 0
67 0
67 0
73 0
68 0
56 0
79 0
58 0
70 0
55 0
63 0
112 0
72 0
58 0
61 0
92 0
80 0
73 0
47 0
66 0
62 0
100 0
64 0
68 0
63 0
57 0
84 0
86 0
83 0
73 0
784 0
78 0
66 0
56 0
76 0
69 0
32 0
89 0
71 0
75 0
102 0
47 0
71 0
88 0
78 0
66 0
127 0
79 0
71 0
77 0
66 0
65 0
70 0
73 0
67 0
65 0
71 0
76 0
65 0
49 0
58 0
40 0
54 0
37 0
73 0
80 0
62 0
90 0
105 0
84 0
78 0
73 0
75 0
65 0
89 0
69 0
61 0
90 0
45 0
54 0
74 0
75 0
71 0
59 0
60 0
69 0
220 0
79 0
62 0
124 0
67 0
71 0
64 0
70 0
65 0
55 0
65 0
86 0
67 0
60 0
63 0
74 0
127 0
188 0
75 0
45 0
89 0
54 0
83 0
76 0
75 0
81 0
75 0
75 0
68 0
60 0
67 0
55 0
62 0
59 0
48 0
55 0
70 0
20 0
66 0
82 0
80 0
84 0
68 0
75 0
61 0
80 0
47 0
88 0
61 0
94 0
58 0
67 0
60 0
77 0
75 0
65 0
86 0
110 0
75 0
85 0
75 0
72 0
49 0
607 0
65 0
70 0
41 0
65 0
69 0
53 0
43 0
73 0
66 0
72 0
799 0
87 0
61 0
72 0
72 0
69 0
81 0
65 0
84 0
34 0
40 0
61 0
78 0
53 0
74 0
74 0
96 0
46 0
59 0
60 0
63 0
85 0
64 0
76 0
70 0
73 0
83 0
84 0
79 0
68 0
77 0
55 0
40 0
69 0
68 0
79 0
63 0
66 0
78 0
945 0
66 0
67 0
65 0
41 0
87 0
83 0
26 0
57 0
50 0
78 0
69 0
75 0
74 0
60 0
78 0
50 0
83 0
76 0
59 0
69 0
80 0
78 0
95 0
86 0
80 0
61 0
71 0
694 0
65 0
51 0
69 0
66 0
90 0
54 0
68 0
76 0
59 0
55 0
65 0
83 0
60 0
63 0
64 0
58 0
74 0
81 0
75 0
65 0
54 0
75 0
67 0
963 0
62 0
68 0
95 0
71 0
42 0
69 0
74 0
72 0
74 0
73 0
61 0
84 0
60 0
148 0
83 0
73 0
66 0
112 0
112 0
57 0
79 0
149 0
74 0
100 0
53 0
67 0
68 0
71 0
62 0
71 0
64 0
70 0
82 0
49 0
94 0
116 0
72 0
77 0
75 0
70 0
64 0
87 0
69 0
78 0
63 0
82 0
81 0
63 0
50 0
70 0
87 0
46 0
58 0
61 0
85 0
73 0
74 0
64 0
64 0
71 0
923 0
82 0
64 0
59 0
74 0
71 0
71 0
103 0
84 0
64 0
51 0
96 0
69 0
84 0
78 0
73 0
153 0
106 0
69 0
75 0
80 0
67 0
58 0
57 0
81 0
161 0
115 0
485 0
69 0
65 0
51 0
62 0
62 0
70 0
53 0
58 0
55 0
85 0
39 0
65 0
76 0
69 0
112 0
74 0
83 0
73 0
65 0
76 0
76 0
68 0
62 0
65 0
28 0
85 0
86 0
83 0
84 0
72 0
74 0
77 0
81 0
52 0
101 0
83 0
70 0
64 0
77 0
63 0
65 0
50 0
39 0
60 0
68 0
65 0
79 0
58 0
84 0
78 0
67 0
54 0
81 0
73 0
57 0
359 0
77 0
52 0
68 0
68 0
57 0
61 0
82 0
954 0
71 0
45 0
72 0
75 0
42 0
89 0
79 0
78 0
79 0
69 0
75 0
72 0
63 0
82 0
72 0
105 0
73 0
68 0
45 0
101 0
90 0
61 0
62 0
97 0
83 0
81 0
63 0
73 0
78 0
86 0
76 0
67 0
61 0
77 0
78 0
60 0
68 0
66 0
82 0
69 0
79 0
68 0
63 0
34 0
87 0
80 0
76 0
73 0
75 0
91 0
79 0
75 0
68 0
71 0
287 0
72 0
87 0
58 0
167 0
58 0
60 0
102 0
56 0
67 0
75 0
114 0
992 0
114 0
68 0
80 0
69 0
91 0
128 0
60 0
63 0
79 0
71 0
66 0
112 0
75 0
67 0
78 0
129 0
77 0
86 0
70 0
70 0
58 0
47 0
53 0
85 0
